  -4.7887474e-04
  -1.3360719e-04
  -8.5261754e-04
  -3.4687398e-04
   2.3090519e-04
  -5.7127545e-04
  -5.1192947e-04
  -9.4154833e-04
   7.7795345e-04
   7.4046396e-04
   1.9543401e-04
   3.2354647e-03
   6.6638245e-03
   1.1176024e-02
   2.3570148e-02
   4.2519458e-02
   6.6748091e-02
   1.0410351e-01
   1.4559200e-01
   1.9178051e-01
   2.3995362e-01
   2.8414027e-01
   3.2679411e-01
   3.6489278e-01
   3.9645867e-01
   4.1423828e-01
   4.1856348e-01
   4.0961902e-01
   3.9384344e-01
   3.6928967e-01
   3.4521859e-01
   3.2882361e-01
   3.1923282e-01
   3.2286878e-01
   3.3634283e-01
   3.6352594e-01
   3.9433228e-01
   4.3177122e-01
   4.6696721e-01
   4.9767170e-01
   5.1302508e-01
   5.1472552e-01
   4.9561185e-01
   4.6722272e-01
   4.2555811e-01
   3.8073971e-01
   3.3597088e-01
   3.0051697e-01
   2.7371455e-01
   2.5430316e-01
   2.4278396e-01
   2.3927654e-01
   2.3532041e-01
   2.3192721e-01
   2.2680616e-01
   2.1648906e-01
   2.0483893e-01
   1.8651981e-01
   1.6370201e-01
   1.3701755e-01
   1.0178897e-01
   6.7538914e-02
   3.6389552e-02
   1.0620731e-02
  -7.5608176e-03
  -1.8385228e-02
  -2.4617398e-02
  -2.5702966e-02
  -2.7053542e-02
  -2.6692543e-02
  -2.3903209e-02
  -1.9768483e-02
  -1.5376457e-02
  -1.5888096e-02
  -1.5517640e-02
  -1.9952121e-02
  -2.8335677e-02
  -4.0232922e-02
  -5.0813942e-02
  -5.6939434e-02
  -5.5360965e-02
  -5.2159547e-02
  -4.4264511e-02
  -3.6694971e-02
  -2.8311125e-02
  -2.0261335e-02
  -1.5974963e-02
  -1.1911027e-02
  -1.6049331e-02
  -2.1210892e-02
  -2.9080366e-02
  -3.6195194e-02
  -4.6410469e-02
  -5.0392342e-02
  -5.5748209e-02
  -5.9060589e-02
  -5.8818766e-02
  -5.2362732e-02
  -4.7720178e-02
  -3.8300347e-02
  -2.8959636e-02
  -2.0776133e-02
  -1.2715147e-02
  -4.7373115e-03
   1.1612163e-04
   5.3911825e-03
   7.6093066e-03
   7.5905606e-03
   1.0749571e-02
   1.6577399e-02
   2.6031452e-02
   3.9482452e-02
   5.8892325e-02
   8.8886516e-02
   1.2462018e-01
   1.6784052e-01
   2.1612196e-01
   2.6287299e-01
   3.0748338e-01
   3.4630503e-01
   3.8145642e-01
   4.0102581e-01
   4.1534489e-01
   4.2029522e-01
   4.2078400e-01
   4.1607771e-01
   4.1025491e-01
   4.0573392e-01
   4.0753637e-01
   4.0804221e-01
   4.0663696e-01
   4.0574004e-01
   4.0429487e-01
   3.9856883e-01
   3.9164261e-01
   3.8771363e-01
   3.8109763e-01
   3.7668981e-01
   3.7343876e-01
   3.6898418e-01
   3.6765069e-01
   3.6095720e-01
   3.5170322e-01
   3.3396940e-01
   3.1050254e-01
   2.8283574e-01
   2.5127676e-01
   2.1707591e-01
   1.8062912e-01
   1.4633369e-01
   1.0993422e-01
